Rank Name                             Elo        +/-       nElo        +/-      Games      Score       Draw           Ptnml(0-2)
   1 hkb8_s2                        46.51      17.91      65.68      24.97        744      56.7%      39.0% [16, 60, 145, 111, 40]
   2 Rhkb16_s2                      39.39      18.81      52.78      24.97        744      55.6%      36.8% [16, 76, 137, 94, 49]
   3 hkb16_s2                       29.02      18.54      39.31      24.97        744      54.2%      37.9% [23, 69, 141, 101, 38]
   4 hkb32                          21.51      17.46      30.87      24.97        744      53.1%      40.3% [22, 68, 150, 106, 26]
   5 Rw256_s2                       17.10      18.49      23.34      25.17        732      52.5%      37.7% [22, 80, 138, 92, 34]
   6 Rpair_s2                        8.05      19.18      10.56      25.13        734      51.2%      37.6% [33, 73, 138, 90, 33]
   7 R0_s2                          -1.87      18.00      -2.59      24.97        744      49.7%      39.8% [33, 75, 148, 95, 21]
   8 Rthr32_s2                      -7.51      17.95     -10.49      25.03        740      48.9%      38.6% [28, 91, 143, 85, 23]
   9 Rpsqt_s2                      -12.79      18.15     -17.74      25.13        734      48.2%      37.3% [25, 104, 137, 75, 26]
  10 Rft8_s2                       -19.43      18.02     -27.17      25.13        734      47.2%      35.1% [30, 103, 129, 88, 17]
  11 Rpow25_s2                     -32.37      19.01     -43.16      25.17        732      45.4%      32.2% [42, 103, 118, 87, 16]
  12 Rw768_s2                      -38.98      17.93     -55.14      25.13        734      44.4%      37.6% [32, 117, 138, 61, 19]
  13 t25p                          -49.84      17.59     -71.78      24.97        744      42.9%      35.5% [34, 129, 132, 63, 14]
--------------------------------------------------
